x: 2.8888889
y: 4.4444444
